27731
26105
27716
26065
30560
26164
28322
27412
27617
27750
27630
27477
27644
47457
33057
33792
18617
25834
27884
27755
34281
26117
27777
26140
28493
31769
28482
32183
27583
26526
28364
29520
27945
27337
31938
33160
27650
33105
26168
27675
27603
28796
27533
28288
33708
33752
34110
32920
32261
27448
27469
27751
27791
27593
25888
27565
31513
27708
33595
27449
32906
27589
28305
27948
27651
27519
28847
32903
27929
29331
27370
27670
28200
33812
30285
33151
27689
31044
33073
27655
33071
29635
33261
26193
31038
27915
27646
27678
28210
27421
27450
31640
33263
33284
29319
27536
33863
27440
30357
46527
31024
27639
30999
29115
27182
28706
27933
30857
27702
16552
33021
33864
26007
32103
27465
26114
27643
31903
31299
29230
27649
28202
32711
31021
27671
27963
27917
27394
26180
32625
31782
27647
27803
27461
33734
27479
34148
36230
32728
28007
27482
34393
33205
31699
26910
31910
28311
27621
27652
27753
27521
27474
27728
28297
27726
27467
26522
34076
29051
26084
33208
27854
30314
27441
27659
34144
34859
27483
27587
28261
28326
27622
30278
26727
36229
29048
26160
30772
26166
30308
27485
36116
28195
28150
27616
26575
30547
27992
26108
30080
31014
33074
27822
28506
33107
27899
33158
28013
27922
28091
27693
30479
27466
28931
32204
28271
31028
32258
31036
27543
26696
33583
25709
32990
29865
26096
26095
29429
33360
27714
27431
27487
46977
27605
36177
33018
28631
28225
27690
27686
31924
27334
34551
28329
39345
27676
31328
30933
28356
27897
27120
32139
27419
34180
27672
27660
27489
27996
25859
27642
27636
25638
29801
27631
40404
34432
27544
